Time;Voltage
0;-145.379277575758
50;-137.727272727273
100;-145.379277575758
150;-153.030303030303
200;-145.379277575758
250;-168.333333333333
300;-168.333333333333
350;-160.681328484848
400;-175.985338181818
450;-175.985338181818
500;-168.333333333333
550;-191.287389090909
600;-183.636363636364
650;-183.636363636364
700;-198.939393939394
750;-191.287389090909
800;-198.939393939394
850;-206.591398787879
900;-198.939393939394
950;-206.591398787879
1000;-221.89344969697
1050;-206.591398787879
1100;-221.89344969697
1150;-229.545454545455
1200;-221.89344969697
1250;-229.545454545455
1300;-237.197459393939
1350;-221.89344969697
1400;-237.197459393939
1450;-237.197459393939
1500;-229.545454545455
1550;-252.49951030303
1600;-244.848484848485
1650;-244.848484848485
1700;-267.80352
1750;-252.49951030303
1800;-252.49951030303
1850;-267.80352
1900;-252.49951030303
1950;-260.151515151515
2000;-267.80352
2050;-252.49951030303
2100;-260.151515151515
2150;-267.80352
2200;-260.151515151515
2250;-267.80352
2300;-275.454545454545
2350;-260.151515151515
2400;-275.454545454545
2450;-275.454545454545
2500;-267.80352
2550;-283.105570909091
2600;-267.80352
2650;-267.80352
2700;-283.105570909091
2750;-275.454545454545
2800;-275.454545454545
2850;-290.757575757576
2900;-275.454545454545
2950;-283.105570909091
3000;-290.757575757576
3050;-283.105570909091
3100;-290.757575757576
3150;-298.409580606061
3200;-290.757575757576
3250;-298.409580606061
3300;-298.409580606061
3350;-283.105570909091
3400;-306.060606060606
3450;-306.060606060606
3500;-290.757575757576
3550;-306.060606060606
3600;-298.409580606061
3650;-290.757575757576
3700;-306.060606060606
3750;-290.757575757576
3800;-298.409580606061
3850;-313.711631515152
3900;-290.757575757576
3950;-298.409580606061
4000;-313.711631515152
4050;-298.409580606061
4100;-306.060606060606
4150;-313.711631515152
4200;-290.757575757576
4250;-306.060606060606
4300;-313.711631515152
4350;-298.409580606061
4400;-313.711631515152
4450;-306.060606060606
4500;-298.409580606061
4550;-313.711631515152
4600;-306.060606060606
4650;-298.409580606061
4700;-306.060606060606
4750;-290.757575757576
4800;-283.105570909091
4850;-290.757575757576
4900;-275.454545454545
4950;-275.454545454545
5000;-283.105570909091
5050;-267.80352
5100;-267.80352
5150;-283.105570909091
5200;-260.151515151515
5250;-267.80352
5300;-267.80352
5350;-260.151515151515
5400;-260.151515151515
5450;-267.80352
5500;-252.49951030303
5550;-260.151515151515
5600;-252.49951030303
5650;-244.848484848485
5700;-252.49951030303
5750;-244.848484848485
5800;-237.197459393939
5850;-244.848484848485
5900;-229.545454545455
5950;-221.89344969697
6000;-237.197459393939
6050;-214.242424242424
6100;-221.89344969697
6150;-221.89344969697
6200;-206.591398787879
6250;-214.242424242424
6300;-214.242424242424
6350;-198.939393939394
6400;-198.939393939394
6450;-206.591398787879
6500;-191.287389090909
6550;-198.939393939394
6600;-191.287389090909
6650;-183.636363636364
6700;-191.287389090909
6750;-175.985338181818
6800;-168.333333333333
6850;-175.985338181818
6900;-153.030303030303
6950;-153.030303030303
7000;-168.333333333333
7050;-145.379277575758
7100;-137.727272727273
7150;-153.030303030303
7200;-137.727272727273
7250;-137.727272727273
7300;-137.727272727273
7350;-114.773216969697
7400;-114.773216969697
7450;-122.424242424242
7500;-107.121212121212
7550;-114.773216969697
7600;-107.121212121212
7650;-91.8181818181818
7700;-107.121212121212
7750;-91.8181818181818
7800;-84.1666666666667
7849;-91.8181818181818
7900;-68.8636363636364
7950;-61.2121212121212
8000;-76.5151515151515
8050;-53.5606060606061
8100;-53.5606060606061
8149;-61.2121212121212
8200;-38.2575757575758
8250;-45.9090909090909
8300;-45.9090909090909
8350;-22.9545454545455
8400;-30.6060606060606
8450;-30.6060606060606
8500;-7.65151515151515
8550;-15.3030303030303
8600;-15.3030303030303
8650;7.65151515151515
8700;0
8750;7.65151515151515
8800;15.3030303030303
8850;7.65151515151515
8900;22.9545454545455
8950;30.6060606060606
9000;22.9545454545455
9050;45.9090909090909
9100;45.9090909090909
9150;38.2575757575758
9200;53.5606060606061
9250;53.5606060606061
9300;45.9090909090909
9350;68.8636363636364
9400;68.8636363636364
9450;61.2121212121212
9500;84.1666666666667
9550;76.5151515151515
9600;76.5151515151515
9650;99.4692072727273
9700;91.8181818181818
9750;91.8181818181818
9800;107.121212121212
9850;99.4692072727273
9900;114.773216969697
9950;114.773216969697
10000;107.121212121212
10050;130.075267878788
10100;130.075267878788
10150;122.424242424242
10200;145.379277575758
10250;137.727272727273
10300;137.727272727273
10350;153.030303030303
10400;153.030303030303
10450;153.030303030303
10500;168.333333333333
10550;168.333333333333
10600;160.681328484848
10650;183.636363636364
10700;168.333333333333
10750;168.333333333333
10800;183.636363636364
10850;175.985338181818
10900;191.287389090909
10950;198.939393939394
11000;183.636363636364
11050;198.939393939394
11100;206.591398787879
11150;198.939393939394
11200;214.242424242424
11250;214.242424242424
11300;206.591398787879
11350;221.89344969697
11400;221.89344969697
11450;214.242424242424
11500;229.545454545455
11550;229.545454545455
11600;221.89344969697
11650;237.197459393939
11700;229.545454545455
11750;229.545454545455
11800;244.848484848485
11850;229.545454545455
11900;237.197459393939
11950;252.49951030303
12000;237.197459393939
12050;252.49951030303
12100;252.49951030303
12150;244.848484848485
12200;252.49951030303
12250;252.49951030303
12300;244.848484848485
12350;260.151515151515
12400;260.151515151515
12450;244.848484848485
12500;260.151515151515
12550;260.151515151515
12600;252.49951030303
12650;267.80352
12700;267.80352
12750;260.151515151515
12800;267.80352
12850;260.151515151515
12900;260.151515151515
12950;275.454545454545
13000;267.80352
13050;275.454545454545
13100;283.105570909091
13150;275.454545454545
13200;283.105570909091
13250;283.105570909091
13300;275.454545454545
13350;290.757575757576
13400;283.105570909091
13450;283.105570909091
13500;290.757575757576
13550;290.757575757576
13600;283.105570909091
13650;290.757575757576
13700;290.757575757576
13750;283.105570909091
13800;298.409580606061
13850;290.757575757576
13900;290.757575757576
13950;290.757575757576
14000;283.105570909091
14050;290.757575757576
14100;298.409580606061
14150;283.105570909091
14200;298.409580606061
14250;298.409580606061
14300;283.105570909091
14350;298.409580606061
14400;298.409580606061
14450;283.105570909091
14500;298.409580606061
14550;290.757575757576
14600;283.105570909091
14650;298.409580606061
14700;283.105570909091
14750;275.454545454545
14800;283.105570909091
14850;267.80352
14900;267.80352
14950;275.454545454545
15000;260.151515151515
15050;260.151515151515
15100;267.80352
15150;252.49951030303
15200;260.151515151515
15250;260.151515151515
15300;244.848484848485
15350;260.151515151515
15400;252.49951030303
15450;237.197459393939
15500;244.848484848485
15550;237.197459393939
15600;229.545454545455
15650;244.848484848485
15699;229.545454545455
15750;221.89344969697
15800;237.197459393939
15850;221.89344969697
15900;221.89344969697
15949;229.545454545455
16000;214.242424242424
16049;206.591398787879
16100;214.242424242424
16150;198.939393939394
16200;206.591398787879
16250;206.591398787879
16299;191.287389090909
16350;198.939393939394
16400;198.939393939394
16450;175.985338181818
16500;191.287389090909
16550;183.636363636364
16600;168.333333333333
16650;183.636363636364
16700;168.333333333333
16750;160.681328484848
16800;168.333333333333
16850;160.681328484848
16900;145.379277575758
16950;153.030303030303
17000;137.727272727273
17050;130.075267878788
17100;137.727272727273
17150;122.424242424242
17200;122.424242424242
17250;122.424242424242
17300;99.4692072727273
17350;107.121212121212
17400;107.121212121212
17450;91.8181818181818
17500;107.121212121212
17550;99.4692072727273
17600;76.5151515151515
17650;91.8181818181818
17700;76.5151515151515
17750;61.2121212121212
17800;76.5151515151515
17850;61.2121212121212
17900;53.5606060606061
17950;61.2121212121212
18000;53.5606060606061
18050;45.9090909090909
18100;45.9090909090909
18150;30.6060606060606
18200;30.6060606060606
18250;30.6060606060606
18300;7.65151515151515
18350;15.3030303030303
18400;15.3030303030303
18450;-7.65151515151515
18500;0
18550;-7.65151515151515
18600;-22.9545454545455
18650;-7.65151515151515
18700;-22.9545454545455
18750;-30.6060606060606
18800;-22.9545454545455
18850;-30.6060606060606
18900;-45.9090909090909
18950;-30.6060606060606
19000;-45.9090909090909
19050;-61.2121212121212
19100;-45.9090909090909
19150;-61.2121212121212
19200;-68.8636363636364
19250;-61.2121212121212
19300;-84.1666666666667
19350;-76.5151515151515
19400;-76.5151515151515
19450;-99.4692072727273
19500;-91.8181818181818
19550;-91.8181818181818
19600;-114.773216969697
19650;-99.4692072727273
19700;-107.121212121212
19750;-122.424242424242
19800;-107.121212121212
19850;-122.424242424242
19900;-130.075267878788
19950;-122.424242424242
20000;-137.727272727273
20050;-145.379277575758
20100;-137.727272727273
20150;-145.379277575758
20200;-160.681328484848
20250;-153.030303030303
20300;-168.333333333333
20350;-168.333333333333
20400;-160.681328484848
20450;-183.636363636364
20500;-168.333333333333
20550;-175.985338181818
20600;-191.287389090909
20650;-175.985338181818
20700;-183.636363636364
20750;-198.939393939394
20800;-183.636363636364
20850;-198.939393939394
20900;-206.591398787879
20950;-198.939393939394
21000;-206.591398787879
21050;-214.242424242424
21100;-206.591398787879
21150;-214.242424242424
21200;-229.545454545455
21250;-221.89344969697
21300;-237.197459393939
21350;-237.197459393939
21400;-221.89344969697
21450;-244.848484848485
21500;-237.197459393939
21550;-229.545454545455
21600;-252.49951030303
21650;-244.848484848485
21700;-244.848484848485
21750;-260.151515151515
21800;-252.49951030303
21850;-252.49951030303
21900;-267.80352
21950;-252.49951030303
22000;-260.151515151515
22050;-267.80352
22100;-252.49951030303
22150;-260.151515151515
22200;-275.454545454545
22250;-260.151515151515
22300;-267.80352
22350;-275.454545454545
22400;-260.151515151515
22450;-283.105570909091
22500;-275.454545454545
22550;-267.80352
22600;-275.454545454545
22650;-275.454545454545
22700;-267.80352
22750;-290.757575757576
22800;-275.454545454545
22850;-275.454545454545
22900;-290.757575757576
22950;-275.454545454545
23000;-290.757575757576
23050;-298.409580606061
23100;-283.105570909091
23150;-290.757575757576
23200;-306.060606060606
23250;-290.757575757576
23300;-298.409580606061
23350;-306.060606060606
23400;-290.757575757576
23450;-306.060606060606
23500;-306.060606060606
23550;-298.409580606061
23600;-313.711631515152
23650;-298.409580606061
23700;-290.757575757576
23750;-313.711631515152
23800;-298.409580606061
23850;-298.409580606061
23900;-313.711631515152
23950;-298.409580606061
24000;-298.409580606061
24050;-313.711631515152
24100;-298.409580606061
24150;-306.060606060606
24200;-313.711631515152
24250;-298.409580606061
24300;-306.060606060606
24350;-313.711631515152
24400;-298.409580606061
24450;-306.060606060606
24500;-313.711631515152
24550;-298.409580606061
24600;-313.711631515152
24650;-306.060606060606
24700;-290.757575757576
24750;-306.060606060606
24800;-290.757575757576
24850;-283.105570909091
24900;-290.757575757576
24950;-275.454545454545
25000;-275.454545454545
25050;-290.757575757576
25100;-267.80352
25150;-267.80352
25200;-283.105570909091
25250;-260.151515151515
25300;-267.80352
25350;-267.80352
25400;-260.151515151515
25450;-260.151515151515
25500;-260.151515151515
25550;-252.49951030303
25600;-260.151515151515
25650;-252.49951030303
25700;-244.848484848485
25750;-252.49951030303
25800;-237.197459393939
25850;-229.545454545455
25900;-244.848484848485
25950;-229.545454545455
26000;-229.545454545455
26050;-237.197459393939
26100;-221.89344969697
26150;-214.242424242424
26200;-229.545454545455
26250;-206.591398787879
26300;-214.242424242424
26350;-214.242424242424
26400;-198.939393939394
26450;-198.939393939394
26500;-206.591398787879
26550;-191.287389090909
26600;-198.939393939394
26650;-191.287389090909
26700;-175.985338181818
26750;-191.287389090909
26800;-175.985338181818
26850;-168.333333333333
26900;-175.985338181818
26950;-160.681328484848
27000;-153.030303030303
27050;-168.333333333333
27100;-145.379277575758
27150;-145.379277575758
27200;-153.030303030303
27250;-130.075267878788
27300;-137.727272727273
27350;-137.727272727273
27400;-114.773216969697
27450;-122.424242424242
27500;-122.424242424242
27550;-107.121212121212
27600;-107.121212121212
27650;-107.121212121212
27700;-91.8181818181818
27750;-99.4692072727273
27800;-91.8181818181818
27850;-76.5151515151515
27900;-91.8181818181818
27950;-76.5151515151515
28000;-68.8636363636364
28050;-76.5151515151515
28100;-53.5606060606061
28150;-53.5606060606061
28200;-61.2121212121212
28250;-38.2575757575758
28300;-38.2575757575758
28350;-45.9090909090909
28400;-22.9545454545455
28450;-22.9545454545455
28500;-30.6060606060606
28550;-7.65151515151515
28600;-7.65151515151515
28650;-15.3030303030303
28700;7.65151515151515
28750;0
28800;7.65151515151515
28850;15.3030303030303
28900;7.65151515151515
28950;22.9545454545455
29000;30.6060606060606
29050;15.3030303030303
29100;38.2575757575758
29150;45.9090909090909
29200;30.6060606060606
29250;53.5606060606061
29300;53.5606060606061
29350;53.5606060606061
29400;68.8636363636364
29450;68.8636363636364
29500;61.2121212121212
29550;84.1666666666667
29600;84.1666666666667
29650;84.1666666666667
29700;99.4692072727273
29750;84.1666666666667
29800;91.8181818181818
29850;107.121212121212
29900;99.4692072727273
29950;107.121212121212
30000;114.773216969697
30050;107.121212121212
30100;130.075267878788
30150;130.075267878788
30200;122.424242424242
30250;145.379277575758
30300;145.379277575758
30350;137.727272727273
30400;160.681328484848
30450;153.030303030303
30500;145.379277575758
30550;168.333333333333
30600;168.333333333333
30650;160.681328484848
30700;175.985338181818
30750;168.333333333333
30800;175.985338181818
30850;183.636363636364
30900;183.636363636364
30950;183.636363636364
31000;198.939393939394
31050;191.287389090909
31100;198.939393939394
31150;206.591398787879
31200;191.287389090909
31250;214.242424242424
31300;214.242424242424
31350;206.591398787879
31399;221.89344969697
31450;221.89344969697
31500;214.242424242424
31550;229.545454545455
31600;221.89344969697
31649;221.89344969697
31700;237.197459393939
31750;237.197459393939
31800;237.197459393939
31850;244.848484848485
31899;237.197459393939
31950;237.197459393939
32000;244.848484848485
32050;237.197459393939
32099;244.848484848485
32149;252.49951030303
32200;237.197459393939
32250;252.49951030303
32300;260.151515151515
32349;244.848484848485
32400;260.151515151515
32450;260.151515151515
32500;244.848484848485
32550;260.151515151515
32599;260.151515151515
32650;252.49951030303
32700;267.80352
32750;260.151515151515
32800;252.49951030303
32850;275.454545454545
32900;267.80352
32950;260.151515151515
33000;275.454545454545
33050;267.80352
33100;275.454545454545
33150;283.105570909091
33200;267.80352
33250;283.105570909091
33300;290.757575757576
33350;275.454545454545
33400;290.757575757576
33450;290.757575757576
33500;275.454545454545
33550;290.757575757576
33600;290.757575757576
33650;283.105570909091
33700;298.409580606061
33750;290.757575757576
33800;283.105570909091
33850;298.409580606061
33900;290.757575757576
33950;283.105570909091
34000;298.409580606061
34050;283.105570909091
34100;290.757575757576
34150;298.409580606061
34200;283.105570909091
34250;290.757575757576
34300;298.409580606061
34350;283.105570909091
34400;298.409580606061
34450;298.409580606061
34500;283.105570909091
34550;298.409580606061
34600;290.757575757576
34650;283.105570909091
34700;298.409580606061
34750;290.757575757576
34800;275.454545454545
34850;283.105570909091
34900;275.454545454545
34950;267.80352
35000;275.454545454545
35050;260.151515151515
35100;260.151515151515
35150;267.80352
35200;252.49951030303
35250;260.151515151515
35300;260.151515151515
35350;244.848484848485
35400;252.49951030303
35450;252.49951030303
35500;237.197459393939
35550;244.848484848485
35600;244.848484848485
35650;229.545454545455
35700;325.2
35750;229.545454545455
35800;221.89344969697
35850;237.197459393939
35900;229.545454545455
35950;214.242424242424
36000;229.545454545455
36050;214.242424242424
36100;206.591398787879
36150;214.242424242424
36200;198.939393939394
36250;198.939393939394
36300;206.591398787879
36350;183.636363636364
36400;198.939393939394
36450;191.287389090909
36500;175.985338181818
36550;191.287389090909
36600;183.636363636364
36650;168.333333333333
36700;175.985338181818
36750;168.333333333333
36800;160.681328484848
36850;168.333333333333
36900;153.030303030303
36950;145.379277575758
37000;153.030303030303
37050;145.379277575758
37100;130.075267878788
37150;137.727272727273
37200;122.424242424242
37250;114.773216969697
37300;122.424242424242
37350;107.121212121212
37400;107.121212121212
37450;114.773216969697
37500;91.8181818181818
37550;99.4692072727273
37600;99.4692072727273
37650;76.5151515151515
37700;84.1666666666667
37750;84.1666666666667
37800;68.8636363636364
37850;76.5151515151515
37900;61.2121212121212
37950;53.5606060606061
38000;61.2121212121212
38050;53.5606060606061
38100;38.2575757575758
38150;53.5606060606061
38200;38.2575757575758
38250;22.9545454545455
38300;30.6060606060606
38350;15.3030303030303
38400;7.65151515151515
38450;15.3030303030303
38500;-7.65151515151515
38550;0
38600;0
38650;-15.3030303030303
38700;-7.65151515151515
38750;-15.3030303030303
38800;-30.6060606060606
38850;-22.9545454545455
38900;-30.6060606060606
38950;-45.9090909090909
39000;-30.6060606060606
39050;-45.9090909090909
39100;-61.2121212121212
39150;-45.9090909090909
39200;-61.2121212121212
39250;-68.8636363636364
39300;-61.2121212121212
39350;-84.1666666666667
39400;-84.1666666666667
39450;-76.5151515151515
39500;-99.4692072727273
39550;-91.8181818181818
39600;-91.8181818181818
39650;-107.121212121212
39700;-107.121212121212
39750;-107.121212121212
39800;-122.424242424242
39850;-107.121212121212
39900;-114.773216969697
39950;-130.075267878788
40000;-122.424242424242
40050;-137.727272727273
40100;-145.379277575758
40150;-130.075267878788
40200;-145.379277575758
40250;-160.681328484848
40300;-153.030303030303
40350;-168.333333333333
40400;-168.333333333333
40450;-160.681328484848
40500;-175.985338181818
40550;-175.985338181818
40600;-175.985338181818
40650;-191.287389090909
40700;-183.636363636364
40750;-183.636363636364
40800;-206.591398787879
40850;-191.287389090909
40900;-191.287389090909
40950;-214.242424242424
41000;-198.939393939394
41050;-206.591398787879
41100;-221.89344969697
41150;-214.242424242424
41200;-221.89344969697
41250;-229.545454545455
41300;-221.89344969697
41350;-229.545454545455
41400;-237.197459393939
41450;-229.545454545455
41500;-237.197459393939
41550;-244.848484848485
41600;-229.545454545455
41650;-244.848484848485
41700;-244.848484848485
41750;-252.49951030303
41800;-260.151515151515
41850;-252.49951030303
41900;-252.49951030303
41950;-267.80352
42000;-252.49951030303
42050;-260.151515151515
42100;-267.80352
42150;-252.49951030303
42200;-260.151515151515
42250;-275.454545454545
42300;-260.151515151515
42350;-267.80352
42400;-275.454545454545
42450;-260.151515151515
42500;-275.454545454545
42550;-275.454545454545
42600;-267.80352
42650;-283.105570909091
42700;-275.454545454545
42750;-267.80352
42800;-283.105570909091
42850;-275.454545454545
42900;-275.454545454545
42950;-290.757575757576
43000;-275.454545454545
43050;-283.105570909091
43100;-298.409580606061
43150;-283.105570909091
43200;-290.757575757576
43250;-306.060606060606
43300;-283.105570909091
43350;-290.757575757576
43400;-306.060606060606
43450;-290.757575757576
43500;-298.409580606061
43550;-306.060606060606
43600;-290.757575757576
43650;-306.060606060606
43700;-306.060606060606
43750;-298.409580606061
43800;-313.711631515152
43850;-298.409580606061
43900;-298.409580606061
43950;-313.711631515152
44000;-298.409580606061
44050;-298.409580606061
44100;-313.711631515152
44150;-298.409580606061
44200;-298.409580606061
44250;-313.711631515152
44300;-298.409580606061
44350;-298.409580606061
44400;-313.711631515152
44450;-298.409580606061
44500;-306.060606060606
44550;-313.711631515152
44600;-298.409580606061
44650;-313.711631515152
44700;-313.711631515152
44750;-290.757575757576
44800;-306.060606060606
44850;-290.757575757576
44900;-283.105570909091
44950;-290.757575757576
45000;-275.454545454545
45050;-275.454545454545
45100;-283.105570909091
45150;-267.80352
45200;-267.80352
45250;-275.454545454545
45300;-260.151515151515
45350;-267.80352
45400;-267.80352
45450;-252.49951030303
45500;-260.151515151515
45550;-267.80352
45600;-252.49951030303
45650;-260.151515151515
45700;-260.151515151515
45750;-244.848484848485
45800;-252.49951030303
45850;-244.848484848485
45900;-237.197459393939
45950;-244.848484848485
46000;-229.545454545455
46050;-229.545454545455
46100;-237.197459393939
46150;-221.89344969697
46200;-214.242424242424
46250;-229.545454545455
46300;-206.591398787879
46350;-214.242424242424
46400;-214.242424242424
46450;-198.939393939394
46500;-198.939393939394
46550;-198.939393939394
46600;-183.636363636364
46650;-191.287389090909
46700;-198.939393939394
46750;-175.985338181818
46800;-183.636363636364
46850;-183.636363636364
46900;-168.333333333333
46950;-175.985338181818
47000;-160.681328484848
47050;-153.030303030303
47100;-168.333333333333
47150;-145.379277575758
47200;-145.379277575758
47250;-153.030303030303
47300;-130.075267878788
47350;-130.075267878788
47400;-137.727272727273
47450;-114.773216969697
47500;-114.773216969697
47550;-122.424242424242
47600;-99.4692072727273
47650;-99.4692072727273
47700;-107.121212121212
47750;-91.8181818181818
47800;-99.4692072727273
47850;-99.4692072727273
47900;-76.5151515151515
47950;-91.8181818181818
48000;-76.5151515151515
48050;-61.2121212121212
48100;-76.5151515151515
48150;-53.5606060606061
48200;-45.9090909090909
48250;-61.2121212121212
48300;-38.2575757575758
48350;-38.2575757575758
48400;-38.2575757575758
48450;-22.9545454545455
48500;-22.9545454545455
48550;-22.9545454545455
48600;-7.65151515151515
48650;-7.65151515151515
48700;-7.65151515151515
48750;7.65151515151515
48800;0
48850;0
48900;22.9545454545455
48950;7.65151515151515
49000;22.9545454545455
49050;38.2575757575758
49100;22.9545454545455
49150;38.2575757575758
49200;45.9090909090909
49250;38.2575757575758
49300;61.2121212121212
49350;61.2121212121212
49400;53.5606060606061
49450;68.8636363636364
49500;68.8636363636364
49550;68.8636363636364
49600;84.1666666666667
49650;84.1666666666667
49700;76.5151515151515
49750;99.4692072727273
49800;91.8181818181818
49850;91.8181818181818
49900;107.121212121212
49950;99.4692072727273
50000;107.121212121212
50050;122.424242424242
50100;107.121212121212
50150;130.075267878788
50200;130.075267878788
50250;122.424242424242
50300;145.379277575758
50350;153.030303030303